4021,2
3716,0
1612,2
2810,1
3435,1
1596,1
4072,1
4476,1
4447,0
1409,0
1741,1
418,1
539,2
2886,2
3250,1
147,1
338,1
223,1
3344,2
2446,1
408,2
18,1
495,0
3940,0
2508,2
722,0
1991,2
201,2
1257,1
1119,0
85,0
2425,2
1738,1
2628,1
472,1
3010,1
3624,1
4355,1
654,2
2943,2
3363,2
2838,2
2892,1
4187,2
3234,2
2384,1
2612,1
3018,1
4271,0
2484,0
807,0
459,1
1522,0
1783,2
783,0
3080,1
1248,0
828,0
4976,0
1782,2
821,0
4735,0
1414,0
4881,2
3316,0
4302,1
4403,2
1873,2
195,1
219,2
1999,0
1171,0
3209,1
2330,0
407,0
50,2
2808,1
212,0
95,0
2905,0
2120,0
2765,2
3770,1
3958,2
4363,2
1167,2
509,1
3919,2
2767,1
3507,2
3102,1
1728,2
4982,2
1609,1
2902,0
162,2
2948,2
1696,1
1895,2
2712,2
1181,1
2078,2
4123,1
4380,0
1323,0
1264,2
3687,2
3706,2
105,0
593,2
2424,1
2050,1
329,1
982,0
4643,0
443,1
1066,0
3645,0
1982,1
88,2
1197,0
4512,0
3845,0
1447,2
1369,0
464,1
4249,2
324,1
3761,1
4988,0
617,0
1550,2
553,0
940,2
1810,2
2263,2
3190,1
4958,2
1118,2
2922,1
4089,1
1831,1
1098,2
4536,1
1638,0
2127,1
2724,1
3322,0
4818,2
772,2
3793,2
705,0
4515,1
1147,2
4156,0
530,2
1891,1
2980,2
1235,2
613,1
3003,0
2064,2
922,1
1582,1
1950,1
356,1
2618,0
1726,0
3587,1
3824,1
970,2
2326,2
4351,0
2950,2
1936,2
4470,1
2742,0
233,0
899,0
1241,0
4999,1
559,0
2261,1
3480,2
2528,1
1786,0
3468,0
992,1
830,0
2651,0
1599,0
2825,1
2299,1
1661,2
2776,0
806,1
3416,2
2867,0
2233,0
3449,2
791,2
3047,1
4683,1
2235,1
4920,2
4344,2
425,1
538,0
3035,2
4940,1
3340,1
237,1
3941,2
2991,1
4968,2
743,2
4802,2
2103,0
1312,2
3300,0
3520,0
3612,2
3740,2
3310,0
3412,2
1832,1
389,2
1085,0
108,0
2063,2
1482,0
2206,2
2449,2
4556,2
2991,2
3867,2
2518,2
3058,1
4102,2
2597,0
3073,1
1961,1
2245,0
2565,2
3757,1
2617,2
1204,2
3353,1
4697,2
2748,1
353,0
3013,0
3967,0
2621,2
1990,2
797,0
513,1
1037,0
2690,0
3424,1
3118,1
4807,0
3419,0
4117,0
4426,0
837,0
1415,2
3762,0
2136,0
3315,0
2777,1
4568,1
1301,0
2587,0
4966,2
4088,0
346,0
1669,0
1495,0
3384,1
4769,0
4121,0
3686,2
3938,1
2078,1
4369,1
2738,2
4925,0
870,1
986,0
1665,1
3493,0
712,1
2060,1
1330,0
26,2
3427,2
1049,0
2834,1
170,2
2637,0
2541,1
2487,2
4143,1
1722,0
1691,2
2760,0
4791,0
2740,1
3214,2
4616,0
1178,1
3235,1
3493,2
3385,2
1760,0
630,2
4855,1
3520,2
26,0
3570,1
2099,1
601,0
533,2
2941,1
2210,0
4709,0
4059,0
322,2
1600,2
2625,0
791,0
2309,0
3665,0
4204,0
960,1
2444,1
2487,1
3489,2
2228,0
735,1
885,2
969,2
2694,1
929,2
3062,2
1297,1
744,1
2538,0
1109,1
3627,0
4255,0
2773,2
24,2
710,2
4436,0
252,2
4128,0
735,0
4567,2
1966,0
4659,2
193,1
3526,2
3870,0
4137,1
2871,2
4487,0
1924,0
56,1
1987,1
1769,0
2418,1
1298,0
990,0
3867,1
2615,1
2792,0
1220,0
57,0
4357,0
3748,0
82,0
2801,2
3688,0
3384,2
1832,0
4324,1
967,2
3246,1
2001,1
976,2
4300,1
780,1
2678,1
3275,0
3998,1
3485,2
812,2
45,0
2095,1
112,0
1990,0
1320,2
3633,2
2711,1
3651,1
2803,0
436,0
318,2
1004,1
4841,1
4753,2
4829,2
2291,0
4939,2
1838,0
3518,0
4858,2
4343,0
2977,2
4159,1
2876,1
189,2
2754,2
650,1
4458,0
386,2
2389,2
38,2
3628,0
595,1
3852,2
2559,2
1579,1
4762,2
480,0
378,2
4198,1
3058,0
3477,0
2774,1
383,1
3130,2
1437,2
4148,0
3928,2
3710,0
4447,2
2039,1
2803,1
1062,1
3963,2
3389,1
4686,0
4984,2
1203,0
404,2
2951,1
122,2
1358,1
4162,1
129,0
565,0
576,0
2194,1
3621,1
2265,2
558,2
4570,0
3519,1
1227,0
4749,0
4116,0
54,1
219,1
954,1
3535,1
452,0
1472,0
2611,0
1942,0
566,1
1853,0
1533,0
4145,1
814,2
490,0
3096,0
1692,0
2054,2
3395,0
4662,1
3119,2
508,2
339,1
1966,1
3137,0
4948,0
3991,1
4282,1
3505,0
2815,1
1321,2
4730,2
1529,2
2614,0
345,2
1912,2
2928,1
54,2
4273,0
603,2
2702,1
4571,0
2935,0
4331,1
1103,1
4940,2
737,2
699,0
2828,2
4913,2
3106,1
3921,2
337,1
51,0
4457,1
3464,1
1353,2
1410,2
2088,0
528,1
236,0
2689,2
959,1
285,2
262,1
3008,0
2373,2
1118,0
2726,0
1524,2
4027,1
2240,1
2189,2
1924,2
2483,2
754,2
1527,0
2697,2
1822,0
4482,0
730,2
1534,0
1572,0
2804,2
2799,2
2358,0
2334,0
4451,1
444,1
4595,1
4596,2
4852,0
4163,2
1911,1
2832,2
3228,0
2812,1
849,0
2511,2
801,0
2322,0
334,2
1423,2
4000,1
690,1
189,0
2867,1
547,2
3062,0
215,1
1080,1
250,0
2456,2
3420,2
2510,0
3505,1
3186,2
4246,0
4166,0
3572,2
3787,0
2542,1
4806,0
3775,2
1526,0
3999,0
4977,0
860,0
3833,0
2856,1
1507,0
1174,2
2047,0
264,0
2588,0
4321,1
3187,1
4085,0
4306,2
94,1
1843,1
4254,1
4952,0
1907,0
3930,2
2809,2
1043,0
2668,1
2880,0
728,1
2427,0
2717,0
3700,1
2841,0
4604,1
1079,2
3863,2
3628,2
4898,2
2682,2
1859,0
2750,1
2017,2
3255,1
2422,0
592,2
512,0
1226,0
3137,1
4029,1
4186,2
3523,2
1105,0
1673,2
4728,2
2089,2
3185,2
3648,2
4635,2
590,2
1750,1
2940,1
1172,2
1372,1
1280,0
3256,2
122,1
4497,1
3024,2
3731,2
3046,1
2479,2
2349,1
3691,2
2443,2
2639,1
4456,0
3118,0
2821,2
3421,1
2803,2
4039,2
714,1
2499,2
1126,0
1847,2
4180,1
2838,0
1054,1
2332,1
3176,1
3779,1
2327,2
1715,2
4202,0
4863,0
4371,1
4055,0
4690,1
4919,0
747,1
3886,1
1098,0
966,2
3647,1
1645,2
4922,0
1658,1
4570,2
847,1
3214,1
4338,0
245,1
4448,1
576,1
654,0
348,2
3656,2
4457,2
4097,1
1251,1
1653,1
1893,2
4821,0
158,0
1066,1
2675,2
1762,1
3716,2
4125,0
1048,1
4697,1
4658,2
2792,1
1801,0
4129,1
586,2
2470,2
3653,2
3664,2
1244,1
396,1
4651,1
1072,1
62,1
3925,2
37,1
749,1
537,1
4181,2
3588,1
763,2
2793,2
3715,1
836,1
1641,2
3334,0
2333,1
3780,2
2254,0
1524,1
796,1
1440,1
4665,1
277,0
1736,0
2503,0
4987,0
777,1
3062,1
3569,1
2691,0
352,0
2890,1
668,2
4663,2
883,0
1836,0
405,0
3841,0
1698,0
1396,1
1108,2
4156,2
3447,0
2616,2
2304,0
2941,2
4595,2
4914,1
2388,0
1142,1
4225,2
616,2
58,1
2687,2
557,0
229,2
1018,1
1411,2
1580,2
521,0
3988,0
2721,2
2730,2
76,2
236,2
2072,0
1352,2
601,2
1887,1
751,1
4364,2
3194,2
4508,2
1229,1
3213,2
2695,2
4907,0
2532,2
1142,0
2953,1
1723,2
946,2
3796,2
3743,2
3404,0
3531,1
3819,1
4359,2
4078,2
4620,1
4200,0
2596,0
4509,1
1281,1
4713,0
1811,0
4910,2
2914,0
834,2
4936,1
401,2
2141,0
3426,2
4599,1
3871,1
3644,1
500,1
1495,1
793,0
2132,1
1063,0
2332,0
259,0
2891,0
2415,1
4692,2
3919,0
2270,0
37,2
4355,2
3413,0
926,0
36,2
4653,1
2626,2
1351,0
926,1
3089,2
2897,0
3511,1
2950,0
4573,2
3593,1
1931,2
958,2
2113,1
210,0
3411,0
540,1
2607,0
3425,2
3268,2
1616,1
3862,0
636,0
567,1
3018,2
4390,2
1928,1
1357,0
1440,0
1825,1
1909,2
3390,2
582,0
2441,0
2779,1
3072,2
1739,1
2925,2
3591,1
3485,0
977,1
1364,1
574,1
4011,0
1056,2
414,2
121,0
687,2
3971,1
2397,2
2410,0
3249,0
721,2
2186,2
66,1
1283,1
4227,0
4295,1
3301,0
2092,0
1318,1
991,1
1147,1
3161,0
4175,2
3675,0
2994,2
3330,1
3119,0
1854,0
2109,2
679,1
863,2
1603,0
2042,1
4430,0
4649,0
2060,2
3570,0
4838,0
90,0
3564,2
2604,0
4243,2
841,0
4379,0
3394,0
1595,0
454,1
2220,2
4759,0
1283,0
998,2
3398,2
2476,0
2763,1
4674,1
750,1
4038,1
2816,1
3945,2
2126,0
1457,0
4199,1
1770,1
4346,0
4199,0
2966,1
4417,1
1633,1
2629,0
2833,2
3612,0
3844,0
141,2
4649,2
3924,2
1934,2
908,0
4364,0
2368,2
3329,2
4079,1
52,0
3670,0
895,1
179,2
3625,1
4773,2
4681,2
283,1
3055,1
1187,0
4512,2
352,2
2067,0
1629,0
1781,1
1716,0
1510,2
211,0
4500,1
3359,2
4482,2
627,2
2638,1
45,2
1024,1
3571,0
3251,2
1467,0
4638,1
4104,1
3166,2
4125,2
1548,2
3558,0
358,1
2091,0
545,1
3244,1
955,2
4111,2
4406,2
2064,1
3222,0
2306,1
3858,1
4530,0
4700,0
4744,1
1657,2
4199,2
4775,2
690,2
860,1
1779,2
340,0
3393,2
1709,2
880,2
2293,0
4287,0
1031,2
774,1
1599,1
4239,1
4937,1
3439,0
1562,0
2972,2
1659,1
4851,0
1173,0
2094,1
3791,2
1757,0
562,0
2005,0
4358,2
4050,1
2818,1
1798,0
4631,1
4713,1
21,0
2134,0
941,1
1253,2
495,2
3621,2
2533,0
1462,0
4649,1
3714,1
1399,2
1683,2
2913,1
1224,0
4837,0
639,2
1552,1
183,1
2680,2
4624,1
4003,1
2126,1
2598,2
946,1
4060,1
231,2
4762,1
1072,0
2790,0
2549,2
742,1
549,1
759,2
3397,0
3128,1
2956,1
549,0
3385,0
4392,2
3267,1
1066,2
4284,2
3936,2
1569,2
3665,2
3278,0
4787,2
2584,0
4557,1
2743,2
2331,1
2422,2
3350,2
4399,0
3658,2
4546,2
2046,2
666,2
3211,2
3024,0
1488,1
4438,1
2347,1
3968,2
4263,0
1903,2
2344,0
86,1
2407,0
4393,0
3816,0
4645,1
216,0
2756,1
4906,0
4459,1
1471,1
4986,0
999,2
947,0
3959,2
4121,2
1230,2
704,2
1060,1
2806,2
3747,2
4134,1
662,0
3847,2
3118,2
2692,1
4892,0
123,2
2450,1
2129,0
600,1
567,0
2631,2
1945,1
934,1
2510,1
2268,1
2042,2
1491,2
439,0
131,0
1768,2
441,1
4126,2
4651,2
4104,0
2603,1
2034,1
4234,2
69,1
3123,0
1134,0
4230,1
2090,0
1668,1
132,2
2173,1
4745,1
4257,1
393,0
4641,0
4438,2
1637,1
1577,0
3990,2
4896,1
2341,0
1419,1
3115,0
4554,1
3802,2
2946,2
1212,2
1559,1
2351,2
3546,2
3060,1
1480,1
3374,1
3328,1
1229,0
1488,0
4938,1
4765,2
2392,1
9,2
2061,2
2616,0
1023,1
4573,0
2909,1
4715,1
1027,1
1425,1
4033,1
1195,2
3305,2
35,2
1499,1
2284,2
1334,1
2827,1
3465,0
950,2
1518,0
1622,0
3552,2
2589,1
4626,1
603,1
420,0
2458,0
1095,0
121,2
79,0
2356,0
581,1
2476,1
4522,1
3690,0
2535,1
3167,1
3568,2
2423,1
2042,0
1348,0
4602,0
2917,0
1267,0
2681,1
4035,2
2047,1
3822,1
1699,0
2105,1
208,2
3133,1
2964,0
2815,2
4782,1
3296,1
1795,2
4444,1
380,1
933,2
1474,1
3663,0
4611,0
3438,0
921,1
4216,1
3879,0
988,0
770,1
1347,1
2586,2
138,0
1966,2
4216,0
1371,0
4565,0
4573,1
4356,0
1707,2
1769,2
4158,1
832,1
3611,2
633,2
2515,2
2203,1
283,2
2400,0
4105,0
3025,2
3205,2
1702,0
809,0
406,1
2474,2
1796,1
3577,1
2325,0
4436,1
787,1
2739,1
770,2
1355,1
3140,0
3412,1
2318,2
399,1
2093,0
317,2
4048,0
3554,1
4849,2
923,2
2688,1
56,2
3476,0
2210,1
3978,1
983,0
3065,2
377,0
1165,2
2152,0
1359,2
4882,1
1124,2
577,0
625,1
2469,0
120,0
1298,2
3555,2
247,2
4356,1
1564,0
2093,2
2807,0
4071,2
4160,2
450,0
161,0
1117,2
3934,1
3833,1
2302,1
3219,2
1020,2
2673,2
4427,2
1905,0
3593,2
4384,1
4618,0
3365,2
1356,2
776,2
2966,0
4694,0
4090,2
786,0
2466,1
4397,1
521,2
3853,1
1042,1
1888,1
3964,1
4421,1
3680,1
2718,1
993,2
1181,0
927,0
4813,0
146,1
1191,0
1350,0
550,0
1424,0
3378,1
1030,1
1104,1
3878,2
3973,2
2910,2
1116,0
1043,1
2033,0
3802,0
3202,0
2070,2
858,1
271,2
3312,0
3919,1
3872,2
1629,2
2327,1
1145,2
1772,2
4132,0
3468,2
153,0
4491,0
230,2
157,1
4405,1
67,2
4351,2
1962,0
856,1
659,2
3396,2
4327,1
4177,0
4090,1
1895,1
4896,2
2286,0
3951,0
1165,0
3637,1
1067,0
278,1
3578,0
2571,0
4502,2
4281,1
4097,0
2320,1
115,1
3058,2
3290,0
1403,0
294,1
4058,2
4265,0
383,0
2194,0
4597,1
4936,2
1515,0
4198,2
4576,0
3247,2
3581,1
4715,2
4042,0
717,2
3423,2
1619,1
1208,0
3280,1
1259,1
2713,1
458,1
229,0
3457,0
868,2
2885,2
2092,1
4159,0
2539,2
533,1
249,0
3271,1
3120,2
2798,2
4505,1
7,2
111,0
4813,2
3097,1
3001,2
2711,2
4817,0
1286,0
3358,2
1397,0
2307,0
4231,0
1349,1
292,1
30,1
705,2
1068,0
3661,0
2585,2
70,2
3351,0
2452,1
587,2
2681,0
1289,1
1440,2
2317,1
1666,1
914,0
920,0
1297,0
2734,2
1123,0
3731,0
349,1
3321,2
2115,2
645,1
4449,1
2059,1
3922,1
4607,0
2255,0
526,0
1342,1
3626,2
2622,0
1736,2
2959,0
2622,2
2176,2
4802,1
2398,2
2152,1
4125,1
2578,0
1502,2
1799,0
1849,1
4387,0
2122,1
4569,1
2646,2
4572,0
117,0
1005,1
4592,1
472,2
3094,0
3193,2
3794,1
4732,2
2913,0
2730,1
276,0
520,2
2283,1
4077,0
3662,1
4402,0
2031,2
1929,2
1598,1
1487,2
1624,0
966,1
4326,2
4979,2
804,1
3783,2
696,0
2758,0
1413,1
3464,0
1953,1
3245,1
3540,0
4588,2
1590,0
282,2
2261,0
334,0
3269,2
4130,1
1153,0
4087,0
2072,2
143,0
1541,0
1964,0
2276,2
571,0
3314,2
2845,0
543,0
3957,0
3015,2
4191,2
1939,1
3616,1
3531,0
2426,0
298,1
1608,2
3640,2
1170,1
473,1
1548,0
4501,0
3924,0
4475,2
164,2
1021,1
3659,1
4488,0
1758,1
2876,2
177,0
1795,1
1402,0
3887,1
902,0
4977,2
4570,1
4314,1
2203,0
2606,1
4696,2
2767,0
4704,0
3750,2
767,0
4279,0
1804,0
3374,2
4041,0
2495,2
1688,1
1265,0
419,0
3843,0
1938,2
3075,2
4310,0
148,2
3233,0
1409,2
98,1
4986,2
4180,0
1458,0
4741,0
1044,2
781,1
3563,2
461,1
2892,0
1237,2
3781,2
4275,1
2082,2
1238,1
3659,2
961,0
1212,1
3307,2
3435,2
2213,1
4598,1
2674,2
2722,0
1070,0
684,0
2198,2
2952,1
4781,2
2491,2
1112,2
1983,2
1426,0
163,1
4118,1
2204,1
4811,2
413,0
4321,2
900,1
1542,2
4999,2
3822,2
2604,1
2846,0
4373,0
1358,0
1794,1
93,0
1802,1
1177,1
1073,1
1678,0
3161,1
3241,2
692,2
1702,1
3551,1
960,0
1270,2
801,2
3059,1
256,0
1927,2
2278,1
1332,2
2789,2
3032,2
1325,2
863,0
4248,2
2354,0
1113,0
4095,2
846,0
2218,1
39,1
3754,2
592,0
2105,2
1122,1
731,1
3557,1
4139,1
848,0
1266,2
1463,1
2141,1
1684,0
418,2
1230,0
2918,0
4349,2
4065,1
1903,0
738,0
4546,0
2865,0
4365,0
3494,1
3512,1
2547,1
2011,2
2683,1
854,2
445,2
3755,0
1425,0
1316,0
3166,1
2473,0
3254,1
652,2
2586,1
4264,1
3719,0
3355,1
448,1
700,0
3791,0
2193,0
4394,1
1925,1
3450,2
2906,2
921,2
4770,1
366,0
4551,2
2068,1
329,0
3711,0
2099,0
226,1
876,1
4466,0
3105,1
4590,1
15,1
4159,2
2216,0
2079,1
3674,2
3029,2
1197,1
633,1
3235,0
948,0
310,0
2459,2
350,1
3379,2
499,1
1470,2
158,1
905,1
191,0
1455,2
3066,2
4099,2
2249,2
2110,0
4236,2
3409,0
3410,1
3399,2
1655,2
4073,2
736,2
4937,2
3232,0
278,0
3197,2
4846,0
3067,0
2656,1
4991,0
3156,1
2813,1
3153,2
1033,1
1753,2
3135,1
4304,0
3289,2
4032,2
3333,2
876,2
3545,0
1605,1
3579,2
3999,2
824,1
586,0
410,0
3657,2
3987,2
4991,2
3827,1
922,0
1434,2
395,0
2761,0
2170,0
47,2
1647,0
390,2
579,0
3609,0
2194,2
3890,0
1401,2
507,2
1220,1
2969,0
1138,2
1593,0
3889,0
2973,1
133,1
3338,0
728,0
2973,0
408,0
2081,1
3835,0
3242,1
4755,0
347,2
4269,1
4383,1
2603,0
4372,1
1548,1
1519,1
1287,0
344,0
4289,1
2496,2
3863,1
3967,2
534,0
1842,2
1578,2
1427,2
2332,2
4840,0
552,0
1064,2
3721,1
1293,1
1884,0
1395,2
4361,0
4018,1
68,0
4202,1
176,1
607,1
403,2
2065,1
2047,2
517,0
4415,2
669,2
4719,1
898,1
2215,2
1712,1
213,0
1369,2
2677,0
78,2
421,0
3243,2
4025,2
2058,2
4138,2
144,0
1656,0
3912,1
286,1
859,0
3227,1
1026,0
2110,2
4615,0
2646,1
2615,2
4376,0
4140,1
3506,2
4782,0
4543,0
4862,1
4182,0
3660,2
3228,2
3264,1
1217,0
4124,1
1328,0
2848,1
2874,2
2733,2
4738,2
1039,2
117,1
1647,2
2746,0
2315,0
1489,1
3756,0
192,0
2026,0
599,0
2460,0
2749,0
3623,2
1870,1
1180,2
3600,2
2165,1
915,2
2434,1
2111,0
3454,1
2501,1
716,1
4998,1
3112,2
1291,0
1015,1
4662,2
422,2
1595,1
3888,2
1745,1
4788,0
2316,2
619,0
180,2
2580,1
4243,0
4327,2
3253,1
3014,1
1575,2
3725,2
2975,2
476,2
261,1
3869,1
3266,0
658,0
968,1
1386,2
3182,2
3395,1
3150,0
4132,2
2281,2
2912,2
1650,0
1592,1
4318,0
3123,2
4319,0
1597,2
3736,1
1828,1
4130,0
4454,2
4912,1
1827,1
151,0
3581,2
3666,0
510,2
1896,1
159,2
2881,1
3724,1
665,2
2640,2
921,0
3941,0
4634,2
4937,0
3979,2
2297,2
1634,1
1065,1
2425,0
897,1
2886,1
696,2
1611,1
2420,1
1154,0
2873,1
1811,2
3461,1
1956,1
3148,2
487,1
3923,2
2719,0
4286,0
3913,0
3359,1
1648,0
4590,0
3922,0
1097,2
1975,1
440,1
673,0
2213,0
2888,1
1040,2
2207,2
1258,2
2723,2
4449,2
93,2
4811,1
3687,0
1087,0
4517,0
2787,1
4118,2
3297,0
1635,0
202,1
4928,1
4621,0
4619,0
479,1
3533,1
1547,2
1667,1
1975,2
3956,1
2133,0
2979,0
3473,2
1585,1
3796,1
1730,1
4955,1
172,1
2022,1
2417,1
93,1
27,1
1678,2
880,1
4885,0
3278,1
3387,2
3321,1
3333,1
4775,1
2707,2
4256,1
4610,2
4306,1
2823,2
3805,2
1169,1
33,1
4392,1
4009,0
3454,0
3034,2
1561,2
4618,1
4959,0
964,1
3337,2
3085,0
3364,0
1995,2
1797,1
2676,2
103,2
241,1
915,0
2651,1
1940,2
725,2
1915,0
4029,2
1822,2
4890,0
1263,1
4504,0
1778,2
3376,1
4995,0
2727,0
1105,2
42,0
3366,1
4693,0
1472,2
2097,2
2127,0
3913,2
3007,0
2842,1
1228,1
2620,2
1361,2
1756,2
820,0
1856,0
185,2
3603,0
214,1
1,1
2153,0
814,1
1809,1
4737,1
4926,0
4419,1
2104,0
1482,2
2807,2
3335,1
2048,1
4962,1
467,1
379,0
1146,0
1206,0
810,1
1497,2
1153,2
577,1
2116,2
449,2
3600,1
2708,1
2791,2
624,0
4299,0
4889,2
2074,1
214,2
1530,2
1842,0
906,0
4717,0
80,2
1349,0
3405,2
4028,0
3446,1
519,2
16,2
90,1
56,0
1247,0
1868,1
4497,2
2128,1
2408,1
2783,0
4322,2
488,2
2664,2
4610,1
3321,0
2113,2
2369,1
1376,1
2109,1
3192,2
382,1
51,1
1387,2
224,0
4444,0
713,2
1312,1
2697,0
1386,0
4803,0
316,0
1007,0
2650,2
1673,0
4350,2
1275,1
126,1
2902,2
708,1
1276,0
1354,2
752,0
734,2
1625,1
3535,0
4247,1
4549,1
2864,1
3149,2
3980,2
4099,0
3998,2
4884,1
2671,1
4100,0
2736,1
3575,2
2843,2
2999,0
4985,1
2658,2
1588,2
3926,2
672,0
1948,1
2819,0
442,1
4956,0
3307,1
1371,2
4255,1
4614,0
2004,0
1061,2
4525,0
4747,1
1613,2
4695,2
3408,0
2926,2
3443,0
2276,0
3667,0
211,2
4973,1
3938,0
3920,0
2202,1
2874,0
1398,2
622,0
1213,0
2164,2
794,2
2839,2
2148,0
750,0
479,2
3773,2
2905,2
3619,2
2826,1
2599,1
2409,0
2055,1
2532,1
315,1
2947,0
2136,1
2649,0
971,1
1951,0
55,2
739,2
494,1
3572,1
2653,2
1727,0
624,2
235,1
3264,0
3400,0
956,2
989,0
3382,0
3158,0
4964,2
815,0
2021,2
3521,0
4562,2
2179,2
3444,2
4384,2
4786,2
445,0
2554,2
2264,1
4332,0
4173,2
3604,2
2020,1
2561,2
4263,2
3400,1
3810,0
4365,1
3339,1
4006,1
4268,2
1964,2
3725,1
3905,0
2244,2
216,2
2512,1
4337,0
2112,0
3045,1
1544,0
3002,2
2089,1
279,1
925,1
3306,0
3133,2
251,0
3325,1
3191,0
1590,1
92,1
2399,2
3993,1
2241,0
4424,2
1681,0
878,2
4613,0
4753,0
2595,1
534,1
1543,0
2125,0
1787,2
4394,2
4567,0
2343,1
1267,2
1430,1
2942,1
3607,1
1041,2
2417,0
1874,0
2825,0
2289,2
4605,2
3386,0
1010,1
2959,2
2376,2
665,0
3858,2
1481,1
4933,2
4303,1
3076,1
1227,1
2889,0
2116,1
116,1
1182,2
2339,0
3939,2
2169,1
2007,0
4228,1
694,2
4066,1
96,0
1267,1
4418,1
552,1
1086,2
295,0
4264,2
3076,0
3079,0
2869,0
2085,2
4420,2
1221,2
2839,0
3934,2
1103,2
3543,2
3111,2
4057,0
4678,1
4908,1
4209,2
2655,2
4799,1
4472,1
3209,2
561,2
825,0
3670,2
4526,1
830,2
1186,1
2684,2
3078,0
4823,2
463,2
2215,1
1061,1
3081,0
1039,1
4174,2
1845,0
2368,0
810,2
3453,1
4568,0
4099,1
3977,2
2272,1
2835,1
4354,0
3095,2
2900,0
845,0
4610,0
935,1
1817,2
4171,1
3589,2
2588,2
4335,2
4720,0
3478,1
1686,1
3808,2
3004,0
3329,1
2188,0
1246,1
2949,1
4086,0
2521,0
3937,0
2430,1
356,0
4780,2
2627,2
2275,2
1813,2
3828,2
2662,0
4167,2
789,0
4219,2
1883,2
1789,0
1512,0
1617,2
2177,2
4086,1
395,2
3053,2
4230,2
4579,2
487,0
3676,2
4710,1
1335,2
4360,0
1414,1
1211,0
3434,0
331,1
521,1
2029,1
2701,1
3041,0
41,0
1906,1
2075,0
4911,2
260,2
4312,2
1750,2
2092,2
214,0
584,2
4498,0
1853,2
3509,2
4265,1
105,1
2569,2
103,0
2509,0
1308,0
3753,2
2554,1
2460,2
1096,1
2338,0
3910,0
530,0
561,1
661,1
3573,0
1934,1
3345,1
180,1
1289,0
666,1
4149,1
875,1
3641,2
2172,0
424,2
3076,2
107,1
4453,2
4869,2
1791,0
1973,0
674,2
2120,1
2797,2
4631,0
218,0
504,1
4941,1
1157,2
3232,2
2914,1
546,2
2599,2
2517,1
2563,2
2048,2
2603,2
1919,1
3808,0
4345,2
1948,2
3117,0
1704,1
4276,0
4859,2
1046,0
4944,2
2300,0
3643,2
3975,2
2928,0
2612,2
2423,2
2156,1
1357,2
2230,2
272,1
3737,1
509,0
2177,0
1262,2
669,1
3776,1
3727,0
3163,1
2822,1
1228,0
629,1
3526,1
1901,0
574,2
2775,1
2363,0
2522,1
4745,2
3369,1
4264,0
2169,0
2501,0
3154,0
1541,1
2953,0
680,0
254,0
569,0
3012,0
727,0
403,1
4196,1
1981,1
911,1
3761,2
2157,1
363,1
2916,1
329,2
3784,0
4112,2
3498,1
3568,1
3216,2
1990,1
2577,2
2841,1
3591,2
3201,2
3240,2
1501,0
4711,0
1477,0
1250,2
234,0
4237,0
838,1
762,1
1725,0
4496,0
4069,1
2235,2
2403,0
2238,0
2264,2
835,0
1547,1
2692,0
2810,0
4237,2
2008,0
1480,2
1549,1
2355,2
2476,2
1765,0
3373,1
3567,0
2735,1
3746,1
2107,1
14,1
3927,0
1410,1
228,1
4395,1
89,2
1454,2
1374,1
19,1
13,0
867,2
1669,2
3804,0
4141,2
3801,1
3752,1
2932,1
4740,2
3793,1
1198,2
4530,2
4367,0
2852,0
1128,1
3685,0
1836,2
3001,1
2366,2
3945,0
2952,2
1866,1
724,1
1583,1
192,2
2158,0
4031,2
3578,1
4197,2
3911,1
3189,2
2361,0
4540,1
3941,1
4449,0
207,1
3092,2
3677,2
2783,1
733,0
3156,0
2131,2
316,2
3797,2
706,1
3158,1
1314,2
1724,0
1363,1
3639,0
3586,0
4876,0
2305,1
4726,2
4544,1
2936,2
276,2
2357,1
625,0
2944,1
1274,1
4808,0
3448,0
4333,2
4838,2
246,2
2685,1
2205,1
488,1
1035,1
1586,1
1497,1
719,1
2159,1
323,0
1581,2
1576,1
1695,2
1558,2
3969,2
4313,2
1824,1
1759,2
33,0
2338,2
1352,1
3108,2
2225,2
4681,1
4239,0
2613,0
4079,2
1143,2
350,0
1771,1
2556,1
3530,0
1765,1
3503,0
4733,0
3953,1
2981,1
471,1
31,1
2205,0
2310,0
2544,0
4228,2
2806,0
4979,1
1506,1
3194,0
4168,0
2138,1
1368,0
3790,0
2548,2
4008,1
2962,1
746,1
2124,0
2208,1
895,2
4657,0
2252,0
3923,0
378,0
2033,1
1086,0
1449,0
4659,0
4870,1
3596,0
2581,1
3439,2
2436,2
4631,2
191,1
4049,0
3698,0
1044,1
2283,2
4620,0
2787,0
648,0
3252,1
4940,0
1365,0
1851,0
3816,1
2008,2
4814,2
4400,1
2802,2
2488,0
4961,1
1232,0
2893,0
2167,1
985,1
4508,0
3933,1
3804,1
2069,0
4161,1
1333,2
178,1
4834,1
116,0
1959,1
4428,0
594,1
4016,2
2414,1
1867,2
4608,0
3886,2
2728,1
4917,0
336,2
2793,1
1093,1
2185,0
4916,2
3414,1
4276,2
2538,2
4326,0
4552,0
4128,2
4950,2
3295,1
3080,2
3849,0
1788,1
3851,1
3639,2
802,0
3027,1
3714,0
3598,1
2763,2
2208,2
1585,0
4206,2
258,0
2410,1
2648,0
2308,2
3792,1
4693,1
2578,2
2174,0
4398,0
3474,0
2800,2
4594,1
857,0
3705,1
1802,0
2356,2
2577,0
2355,1
3102,0
4363,0
1196,0
4477,1
2613,2
4831,2
394,1
3423,1
2041,0
286,0
4473,0
1200,1
2076,0
781,2
2709,1
3673,2
1767,0
723,2
4650,2
3749,1
1414,2
3610,1
1130,1
4296,1
3303,1
2983,1
3987,1
3309,0
4132,1
4935,1
3635,1
2614,2
3657,1
3639,1
1866,0
3544,0
1103,0
4312,1
4475,1
3650,1
4926,1
4507,2
1942,1
2088,2
2686,0
507,0
2066,2
2935,1
3684,1
598,1
2667,2
2465,1
4668,0
846,1
2377,2
468,0
3088,0
4583,1
167,1
1755,0
2720,1
3940,1
1266,0
2171,2
3728,0
3203,1
2835,2
262,2
62,2
3467,0
928,2
4490,0
3950,2
2337,2
1294,0
1140,0
1339,2
4422,0
4385,1
1429,1
3704,0
4473,2
492,0
749,2
549,2
1627,2
2025,2
4452,0
907,0
4307,0
4278,2
4996,0
15,0
2279,2
4820,1
3711,2
4728,0
3533,0
4438,0
1927,0
179,1
2030,0
3894,0
2854,2
680,1
3107,1
2671,2
3391,1
1009,2
1465,0
4563,1
3406,0
487,2
2079,0
386,1
2791,1
2197,1
94,2
2321,1
4464,0
3371,0
1137,0
649,0
1754,1
2457,2
3120,1
1365,2
173,0
4410,2
2972,0
2137,2
2260,2
1980,1
4266,2
2943,0
3233,1
3433,2
2299,2
4084,0
1074,0
3630,1
2467,1
1037,2
3236,1
1674,1
4722,2
1620,1
3866,2
703,0
3793,0
2753,1
2968,1
2301,2
2266,2
4598,0
3410,2
4343,2
3523,1
2431,2
4233,2
2997,1
433,1
2229,0
4955,2
2740,0
3470,1
3234,1
4892,2
1658,0
4475,0
165,2
3029,1
1586,0
1093,0
394,0
3187,0
3935,0
1428,2
2318,1
1719,0
1179,0
647,1
1610,1
3864,0
300,0
269,1
3481,1
3270,1
1659,0
2755,0
2665,1
4361,2
4526,2
619,2
3629,0
193,2
1725,2
3758,1
4969,2
1606,2
2289,1
1310,1
482,1
4093,0
3918,0
1017,0
2791,0
2734,1
99,2
3706,0
1874,1
406,2
3681,0
4498,1
4094,0
3086,1
3480,1
1574,0
1913,2
1970,1
4236,0
2921,1
2788,1
753,0
3926,0
4410,1
2453,0
582,1
970,1
3402,2
3577,0
1943,0
2545,0
4280,2
891,0
534,2
4829,1
3210,0
3928,1
2840,1
4941,0
2296,0
4756,2
1574,1
3889,1
1645,0
858,2
1008,0
2160,0
4543,1
1883,1
1733,2
798,1
832,2
3202,2
1443,2
4743,2
4828,1
46,2
537,2
1680,1
3031,1
348,1
2133,2
2915,1
4847,2
4807,1
143,2
2056,1
4553,2
2060,0
3455,2
4076,0
4789,0
3948,0
1561,1
433,0
1933,0
3770,0
803,1
2707,0
4247,0
1312,0
2149,0
2716,2
3460,0
4568,2
149,2
1949,2
1974,0
4396,0
88,1
4850,1
593,0
172,2
4448,0
766,1
4983,0
4209,0
1201,2
2483,1
2851,2
2750,0
656,1
4929,0
4641,2
1085,1
844,0
4448,2
2454,0
2411,2
685,0
2111,1
2311,1
4809,0
38,0
4039,0
3220,0
1319,0
4113,1
382,2
2646,0
2211,1
4818,0
2463,2
4533,0
858,0
3254,2
3068,2
2883,0
2314,2
542,0
4030,2
3522,2
2051,2
556,1
44,2
2631,0
3530,1
1124,1
1117,0
3617,2
2207,1
4441,2
4909,1
4146,1
3432,1
1910,2
4580,2
883,2
3525,1
4980,0
3529,1
4364,1
3045,2
2895,2
4488,1
1292,0
4593,1
1406,2
2045,1
3069,2
577,2
2349,2
3186,1
2992,2
4352,0
956,1
4522,0
968,0
970,0
1766,1
3039,1
2098,1
1346,1
1463,0
1784,1
4664,1
1219,0
1198,1
4280,0
701,0
4873,2
3331,2
716,0
558,1
4317,0
1449,1
3122,0
3471,1
2233,2
1827,0
3509,1
4875,1
1462,1
681,0
2624,2
3726,1
2379,0
3382,1
2345,2
2696,1
19,2
1809,2
3968,0
1451,0
3771,1
2095,2
4215,1
3701,1
4976,2
3972,2
3261,0
694,0
4891,2
4712,2
3573,2
270,0
3218,1
1093,2
1886,1
773,0
3845,1
1887,2
3253,2
2117,2
1474,2
1965,0
4852,2
1615,0
2783,2
134,0
4378,0
4081,1
3689,1
3780,1
2747,1
340,1
1483,0
4446,0
3099,2
2722,2
4784,2
2477,1
2231,2
1236,1
803,0
744,0
1206,1
4165,1
3299,2
217,2
3712,1
165,1
1965,2
2814,0
4586,1
161,1
4989,2
2619,2
3136,1
4114,1
4287,1
4381,2
2894,1
4587,0
4967,1
4761,0
173,1
3751,1
4348,1
866,0
303,0
3012,1
3452,1
4375,1
4888,1
3925,0
1082,2
1705,0
1792,1
4611,2
4467,0
3869,2
4133,2
2383,2
2464,1
3430,0
3002,0
961,2
1351,1
3993,0
1442,0
2924,0
4577,1
3942,2
3341,2
2865,1
2441,1
1513,2
1545,0
2700,0
2663,0
4187,0
3181,0
4422,1
754,0
1672,0
2100,2
3413,1
2240,0
3383,2
267,1
4146,0
854,0
3812,0
1296,0
3458,1
4484,1
3827,0
303,2
1126,1
3613,2
3057,1
3678,0
1325,1
3275,1
4868,0
972,2
2170,2
1596,0
1009,0
2402,2
3262,2
2315,2
2016,1
2294,1
326,1
836,2
4943,0
1996,0
3840,0
4946,0
1045,1
449,0
4777,2
2166,0
2427,1
3408,2
1083,1
1288,1
1597,1
865,2
3217,1
1567,1
159,1
2766,2
1203,2
3394,1
3055,2
2920,1
1389,2
3561,0
1112,0
339,2
3180,2
1053,0
1808,1
569,1
459,0
3779,2
426,1
771,0
2773,0
500,0
100,1
3665,1
3293,0
3368,0
4806,2
4875,0
128,1
645,0
491,1
3101,0
4074,2
2405,2
4869,1
474,2
2954,0
4399,1
3332,1
3904,1
2148,1
3433,0
4815,1
2988,2
1901,1
3287,1
4049,1
691,0
4856,1
3504,1
4382,2
3788,2
3037,1
3848,1
11,2
514,1
3738,1
3931,1
1081,2
4061,1
4103,0
1180,0
4865,0
207,2
886,1
3724,2
2721,1
658,1
4555,0
1543,1
2209,2
2693,2
212,1
3323,2
2895,0
4674,0
2679,2
2353,0
195,2
542,2
3697,1
1949,1
3199,2
1185,1
1036,2
2846,1
4859,1
3381,0
550,2
1472,1
1022,1
4834,0
14,2
4956,1
4727,1
1635,1
1327,0
1000,2
2823,1
1486,1
122,0
3794,2
4613,2
4058,1
2264,0
79,2
2150,0
2373,0
3457,1
4156,1
1268,1
1652,2
156,1
2938,2
3054,0
2742,2
2413,2
3627,2
2593,0
4966,1
1438,1
831,0
2100,0
155,2
593,1
1214,0
2993,0
1442,1
1484,1
604,2
1985,2
1375,1
1178,0
4456,2
2385,0
299,1
905,0
3071,0
4273,2
2821,0
978,2
4995,2
1577,1
1476,2
2321,2
3190,2
592,1
4875,2
1384,2
2045,0
4565,2
145,2
3234,0
4727,0
134,1
2676,1
1433,1
1106,2
2870,2
3447,1
4253,1
694,1
3200,1
2711,0
3595,0
3498,0
2834,2
2863,0
62,0
1448,1
839,0
4592,0
2272,2
1844,1
1296,2
2456,0
3604,1
3790,2
1793,2
4165,0
153,2
2947,2
4485,1
3273,0
928,1
3298,0
1076,1
1988,1
2236,2
706,0
1566,1
4699,2
4231,1
257,0
4706,2
3744,2
3981,1
2353,1
1337,0
1313,2
3269,1
3768,2
3517,1
772,0
35,0
1910,0
4945,2
4697,0
4981,0
4646,0
2091,1
78,0
567,2
1692,2
947,2
1677,2
3704,2
20,0
4444,2
2237,0
3809,0
4887,0
632,2
2668,2
1956,0
2639,2
882,2
1826,0
683,2
930,2
1621,2
615,1
1377,0
3705,2
2770,0
656,2
2891,2
1739,0
2551,1
1760,1
3084,2
3852,1
1777,1
439,2
3145,0
4804,1
1552,0
2630,0
2378,2
3485,1
1605,0
1904,0
1162,1
3140,2
3179,0
3250,0
4100,2
1286,2
1453,1
2600,0
1769,1
1390,2
3294,1
1568,1
4493,2
1780,1
1392,2
2435,1
1321,0
171,1
2000,1
1511,2
2305,2
4690,0
3829,1
2550,0
3972,1
2326,1
4759,2
3782,2
2568,1
1868,0
1952,1
3602,1
2929,1
2437,1
3014,2
1944,2
4832,0
429,1
2678,2
2280,0
3252,2
2946,0
2459,1
3501,0
1934,0
241,0
2627,0
1578,1
3845,2
1688,0
494,2
2637,1
3712,2
4290,1
2906,1
1420,2
2301,0
2672,2
3475,1
3043,2
2869,1
2369,0
4463,0
365,2
528,0
4091,2
1972,0
2340,0
1919,0
2854,1
308,1
2609,2
4949,0
3487,2
2015,0
1132,1
541,0
1988,0
2524,0
1837,0
4622,0
2673,1
3798,0
795,1
2430,0
1156,0
920,1
3392,0
2676,0
2231,1
3059,0
3224,0
2106,2
4581,0
4309,0
4933,1
1293,2
1319,2
2507,0
1078,0
4596,0
2448,0
2223,1
4886,2
2433,1
3900,0
158,2
516,0
1177,0
1119,1
1078,2
1908,2
3134,1
3694,2
2962,2
4234,1
4000,0
3624,2
1841,1
4119,0
46,0
3979,0
2786,2
3564,1
1366,2
3983,1
2584,2
242,0
1123,1
4728,1
4123,2
23,0
2907,1
3859,2
2958,0
4604,0
4229,2
1015,2
2935,2
4566,0
712,0
3510,1
2925,1
1783,0
4359,1
4069,2
4184,0
2145,2
4280,1
3608,1
2650,1
2216,2
985,0
2381,2
1778,1
4391,2
2423,0
3452,2
2685,0
4639,2
2939,2
3685,2
3496,0
866,2
2772,0
1768,1
4603,1
2581,2
2428,0
4339,2
3336,0
1816,0
1115,1
2031,1
3282,1
3765,1
768,0
4047,0
4263,1
3868,0
293,0
2701,2
1714,0
664,0
591,1
3989,2
3169,2
1419,0
853,2
4942,1
742,2
591,0
4221,2
1236,0
3891,0
2293,2
580,0
4557,0
4501,2
4588,0
2358,2
2566,2
3766,0
3193,1
1815,2
1412,0
2242,2
937,1
2420,0
997,1
3663,1
3279,1
2158,2
4158,0
108,1
3127,2
4915,2
4747,2
958,0
3425,1
778,0
1214,1
4951,1
4853,1
3034,1
398,0
2224,1
856,0
4012,0
4734,0
478,0
2830,1
808,1
2113,0
2198,1
3337,0
2750,2
2106,1
1338,0
1030,0
2769,0
4429,0
1218,2
4320,1
3759,0
1182,0
602,0
4106,1
790,1
808,0
1140,1
194,0
980,2
3375,2
4230,0
3327,0
157,0
4366,0
1287,2
1218,1
3811,0
2998,2
594,2
2,0
3592,2
1777,0
2883,1
328,2
360,1
3372,1
1108,0
1282,1
775,2
4770,0
3048,0
2103,1
2558,1
411,0
1461,0
2722,1
1970,2
1830,1
3990,0
3596,1
782,1
3028,0
309,0
4336,2
2102,2
1523,1
4270,1
812,1
3930,0
523,0
2659,2
3229,2
4482,1
2535,2
321,1
748,0
1096,0
4763,1
4959,1
3916,1
2354,1
4341,1
967,0
3428,0
3664,0
646,1
2844,2
1634,2
4392,0
1381,2
981,0
796,2
3853,2
2725,2
1300,0
4181,1
3789,2
2234,2
2001,0
1106,0
965,0
1720,2
2311,2
4878,1
311,1
3113,0
2185,2
4313,1
4997,1
3524,0
1489,0
1490,0
2363,1
3619,0
3871,0
1393,2
2163,2
1772,0
2842,2
2786,1
942,1
3932,1
3250,2
2967,2
3304,1
3142,2
1870,0
1604,1
1878,2
3695,1
2507,2
2633,1
1102,2
1240,2
113,1
1342,2
2134,1
2098,0
4346,1
589,2
1677,0
4816,1
1938,1
959,0
3839,1
4604,2
2801,0
2079,2
2183,2
4259,2
4899,0
889,2
2917,2
4242,1
1720,0
47,0
2910,1
4902,0
4731,0
64,1
628,1
1434,0
2452,2
4552,2
544,0
1293,0
3866,1
4583,0
2100,1
2923,1
37,0
400,2
1676,0
1740,0
1977,0
1941,1
2419,0
4081,2
3021,1
3962,1
532,0
142,1
4072,0
2378,0
4627,0
1073,0
2762,0
2732,2
149,1
2381,0
1277,1
4286,2
2026,2
4920,0
819,1
1916,0
4458,2
3996,2
1331,1
3032,1
4036,0
642,1
1897,1
3295,0
2984,1
4830,1
620,1
3884,0
561,0
2994,0
3929,0
1104,0
1602,2
4680,0
4145,0
2913,2
3173,1
2440,2
1994,2
324,2
3954,2
259,1
4227,1
3664,1
1045,0
4511,2
4820,0
2432,2
3460,2
2374,1
531,1
3347,0
82,2
3201,1
3319,0
4167,0
1400,2
4629,0
3529,2
2455,0
2800,1
3418,1
2788,2
1384,1
3083,0
4110,1
3308,1
4215,0
4660,0
604,0
3474,1
1142,2
422,1
2028,1
4562,1
2987,2
1497,0
945,2
3335,0
1729,2
64,0
4002,2
1732,0
1380,1
538,1
2856,2
687,1
3172,2
1847,0
1862,0
2274,1
2730,0
3019,0
3174,2
1079,1
2002,1
3417,2
2612,0
4068,1
4246,1
1869,0
235,2
70,1
3185,0
2461,0
2317,2
2652,0
3785,0
4272,2
2658,1
1255,2
3961,0
1691,0
4689,2
3049,2
3400,2
3,0
4115,0
1604,0
361,2
4816,0
3734,0
3090,0
3733,0
227,1
4431,1
1205,1
360,2
1362,0
97,0
3494,0
2633,2
4994,0
509,2
1778,0
2388,1
1555,0
3561,2
1755,2
2674,0
2098,2
1675,0
797,1
1344,1
1320,1
4670,2
3646,0
316,1
19,0
1789,2
784,1
2822,0
1525,0
2249,1
3915,1
3048,2
4114,0
2695,1
4886,1
4358,0
1831,0
3897,2
147,2
1322,0
818,0
3679,2
265,0
3964,0
2634,1
2220,0
1979,2
4006,0
2478,2
135,2
3875,2
3774,2
1994,1
4154,1
3631,2
4723,0
2413,0
3442,0
1999,2
518,0
4503,2
4946,1
465,0
4551,1
4066,2
3963,0
4920,1
1902,1
1538,0
2580,2
4533,1
4897,1
2206,1
3510,0
2770,1
3610,2
4810,0
1015,0
1403,2
1385,0
588,0
2019,2
2159,0
1020,1
4778,1
3132,2
433,2
1749,0
2601,1
2135,2
2836,2
66,0
3813,2
3448,2
870,2
532,1
4969,1
388,1
209,2
1379,2
2244,0
3603,1
1143,0
4735,1
2829,0
3900,2
991,2
1776,0
4715,0
143,1
3536,1
2179,1
4576,2
1559,0
2952,0
768,2
3364,2
1176,0
3765,2
2647,2
739,0
3609,2
4605,1
2899,2
761,0
4536,2
221,1
2146,1
1662,2
88,0
1235,1
4390,1
4796,1
2250,2
2410,2
3722,1
368,1
579,1
4558,1
4719,0
1120,1
3407,0
4494,1
4308,1
3039,2
4207,1
639,0
415,0
2291,2
2589,0
3711,1
4520,1
2715,2
2248,2
623,0
1863,1
904,2
4322,1
1151,2
4499,1
4529,0
3291,2
2071,2
2813,0
317,0
3304,2
2596,1
2107,2
3353,2
271,1
2262,1
2380,1
1782,0
109,0
2371,0
1458,1
222,1
2569,1
4129,0
2955,0
280,0
904,0
3816,2
2769,2
3427,0
1413,0
3471,0
3999,1
3918,2
4646,2
304,2
2149,1
3281,2
2570,0
4746,1
611,2
355,0
2171,0
4027,0
2614,1
2600,1
271,0
3159,2
4721,2
2172,1
1675,2
4499,2
636,2
2504,2
2667,0
1835,1
4177,1
2429,1
1328,1
2228,2
3507,1
4517,2
959,2
850,2
3078,1
3324,0
813,2
851,0
2578,1
1136,0
3415,2
4590,2
2738,1
4050,0
3019,2
2214,1
3141,0
4292,2
924,1
1535,1
3180,1
69,0
888,1
4081,0
2781,2
4241,0
124,0
2049,1
4814,1
191,2
1297,2
4054,0
833,0
4007,0
4974,0
2493,0
3786,1
1819,2
2502,0
448,0
2534,1
77,2
4157,2
33,2
1488,2
1310,2
2827,2
429,2
4601,2
3349,2
4109,0
232,2
415,2
4307,2
741,1
2668,0
4934,1
3573,1
2807,1
2934,1
4469,1
4978,2
1639,1
2445,0
3398,1
4686,1
3011,0
3565,1
1315,2
4052,2
4527,2
4091,1
4619,2
2152,2
2003,1
3750,0
957,0
3248,2
2508,0
1258,1
1734,0
1877,2
2347,2
3380,2
1245,2
4283,0
1454,0
3756,2
1792,0
1553,0
4985,2
3447,2
304,0
1158,1
4000,2
2883,2
4967,0
4307,1
2517,0
366,1
3631,1
713,1
4898,1
3924,1
1535,2
1555,2
621,0
1729,1
4856,0
1864,1
4073,1
3726,2
1570,0
1074,2
1898,2
541,1
3182,1
98,0
3041,2
1874,2
3707,0
2872,0
4683,2
4727,2
3196,2
1615,2
1963,1
4792,2
1800,0
1538,1
1514,2
4214,0
4524,1
141,1
2725,1
1029,2
912,1
1445,0
4116,1
1969,2
547,0
4840,1
3960,2
3360,1
4553,0
321,2
4058,0
1732,2
1353,0
1807,0
3108,1
4407,0
1872,0
1358,2
3418,0
2336,1
3752,2
896,1
3367,0
320,1
646,0
2357,2
3382,2
1295,0
1827,2
357,1
4848,2
1835,0
4166,1
3562,1
4289,0
307,2
4439,2
160,1
3241,1
3713,1
512,1
1898,1
2111,2
4535,2
544,1
3892,0
3151,2
4443,2
2330,1
542,1
3141,1
4917,2
4233,1
49,1
2166,2
3778,1
4944,1
2383,1
730,0
3123,1
3685,1
1001,0
4004,1
46,1
3325,2
1993,2
389,0
2566,0
1984,2
291,2
1995,1
43,1
4251,2
2955,2
3617,0
3422,1
648,2
963,2
2294,0
3197,0
1794,2
1928,2
2660,1
629,2
3486,0
982,1
2557,2
1687,2
1685,2
2043,2
4147,1
177,1
1985,1
1872,2
1124,0
1028,2
3467,1
238,0
4709,1
2681,2
773,2
817,1
3798,2
2040,2
350,2
1560,0
3183,0
1864,0
1489,2
4929,1
4270,0
3806,1
4762,0
688,0
4575,0
655,0
1539,0
2237,1
4545,2
1349,2
2478,1
4373,1
1877,1
1595,2
3121,2
3441,1
4124,0
3575,0
1492,0
4860,1
225,2
166,0
3352,2
2466,2
689,2
4612,0
2964,1
2438,1
3311,1
1388,2
2225,1
1929,1
3383,1
1992,1
606,2
3888,1
728,2
3636,0
1445,1
4143,2
3624,0
168,2
4372,0
695,1
4558,0
1805,0
1046,2
2140,0
72,2
4293,0
796,0
1753,0
2397,0
895,0
3966,0
3800,1
1518,1
1424,1
1052,1
2290,0
138,2
1465,1
4435,1
3856,0
1141,2
2949,2
4193,0
2329,2
4776,2
3907,0
2982,2
4696,1
1022,2
2384,0
4274,0
305,2
1883,0
4272,0
4265,2
230,1
1909,1
2480,2
2162,2
4357,2
2532,0
3633,0
4569,0
4775,0
4161,0
2028,0
1681,1
4892,1
3355,2
125,2
132,0
703,2
2209,1
4574,2
2522,0
1845,1
3130,1
1654,0
2641,2
868,1
1858,1
4339,1
838,2
1734,2
771,1
8,2
4677,1
151,2
466,1
2035,2
714,0
3724,0
3763,2
3011,1
3144,1
2970,2
3107,0
2135,0
2312,2
1952,2
4582,1
2013,1
821,2
3903,0
4885,1
3075,1
4617,0
3723,1
2591,0
607,0
3136,0
2379,2
3717,1
4030,0
4320,0
3257,0
2012,1
499,0
3265,1
3978,0
4495,2
1706,0
2448,2
3953,0
3367,2
3741,0
3564,0
3042,0
3738,2
4423,2
2379,1
3198,1
4241,2
2475,1
3310,2
4183,2
428,0
1354,0
3468,1
2179,0
988,1
1464,1
3385,1
1031,1
4248,1
417,2
1597,0
3477,2
1041,1
63,1
2151,1
4989,0
1385,1
762,2
220,0
1209,0
1884,1
5,0
3237,2
1636,1
873,0
11,0
616,1
1743,0
68,2
3566,2
2024,0
61,2
456,0
3092,1
2207,0
644,2
2428,2
3708,1
4661,0
2010,2
1801,2
13,2
1166,1
3109,0
4460,1
4531,0
295,2
3215,1
2518,0
1871,2
2582,2
2096,1
3959,1
4599,0
3865,0
2005,2
3426,0
743,1
363,2
1201,1
3976,1
4824,0
2937,2
4365,2
2271,1
2894,0
3308,2
2664,1
4208,0
2227,0
3545,1
442,0
115,0
3103,0
2243,1
1492,2
2161,2
2482,1
4196,2
237,0
2372,1
636,1
2480,0
3866,0
3549,1
3460,1
4051,0
4085,2
1437,1
4167,1
1090,2
3050,1
1636,2
3408,1
1685,1
504,2
1742,0
3199,0
200,1
208,1
4927,2
799,1
4169,2
692,0
1499,2
4136,0
3154,2
4062,2
977,0
4575,2
101,0
1194,0
575,0
423,2
1563,1
2433,0
4070,1
4371,2
4013,0
705,1
239,1
3769,2
2253,2
3188,2
663,2
3303,2
2903,1
305,1
4455,0
4406,0
435,1
3363,1
4474,0
1819,1
3410,0
347,1
3850,0
3065,1
1154,2
4655,0
974,0
2670,1
976,1
2727,2
3986,1
4331,2
1084,1
3256,1
1164,2
3204,2
3854,0
1268,0
3265,2
1258,0
3026,1
3683,0
1460,2
540,0
3353,0
798,2
3806,2
1703,0
1999,1
4539,1
2102,1
3175,1
1431,0
2419,1
3717,0
2995,2
2600,2
3181,2
2595,2
2442,1
3498,2
1056,1
2308,1
66,2
3218,2
965,2
1894,1
2121,2
571,2
827,1
1920,2
2575,1
253,0
4724,2
4251,0
4144,0
1292,2
4648,2
4203,2
184,1
3109,1
3411,2
3606,2
2562,0
3939,0
3994,2
4844,0
2615,0
2393,1
2555,0
4783,1
4192,0
3970,2
4131,0
4270,2
2879,2
2392,0
1485,2
1705,2
538,2
4370,2
3004,1
3608,0
4654,2
975,2
737,0
447,0
2053,0
3881,0
3634,2
2841,2
1448,0
4222,0
3974,2
1273,0
473,0
2503,1
3045,0
2387,1
1799,2
4067,0
3552,0
3884,1
4338,1
3997,2
1046,1
1341,0
3687,1
4009,1
4004,0
1932,1
3111,1
481,1
3249,2
4547,2
338,2
3560,1
2817,0
1918,1
3251,0
405,2
3912,0
4065,2
4144,2
769,0
729,0
3476,1
4196,0
3168,0
3727,1
1077,1
4494,2
2782,2
604,1
3208,2
4853,2
1753,1
3590,1
655,1
426,0
4275,0
1200,2
3841,2
3554,0
3768,1
204,1
4918,2
1504,0
645,2
17,0
3098,1
3806,0
3580,0
4532,2
485,0
1361,1
3876,2
3521,1
3063,0
816,2
1756,0
3306,1
4904,0
2177,1
29,1
580,1
3206,1
2018,1
2501,2
4608,2
3175,2
4904,2
460,2
1005,0
385,2
3492,1
4659,1
864,1
2187,0
210,1
3839,2
1262,0
944,2
677,0
101,1
568,2
470,2
2610,0
216,1
882,0
281,2
1605,2
2240,2
2689,0
2130,2
3469,1
478,1
1217,1
1708,2
2401,0
2296,1
2000,2
1226,1
1492,1
2386,0
1530,1
630,1
4409,1
3496,2
1493,2
771,2
3245,2
489,1
4760,2
3613,0
2552,1
4057,1
4591,1
4106,0
246,0
427,1
38,1
1763,0
1554,0
3617,1
2965,0
2313,0
938,0
3458,2
2893,1
3906,0
2965,1
1057,2
3836,0
2665,0
1693,0
4789,2
852,0
3145,1
1493,1
3900,1
2374,2
3832,1
4636,2
4421,2
3424,2
2020,2
3173,2
2168,2
4646,1
1334,0
3261,2
4311,0
547,1
746,2
3586,1
3526,0
1946,2
1211,2
3563,0
2197,0
2539,0
3532,2
953,0
3271,0
928,0
3594,1
3620,0
2673,0
1143,1
2391,2
4639,0
1014,1
1397,2
2250,1
2978,0
2317,0
234,2
888,2
953,1
2545,1
2267,0
1483,1
535,1
2984,0
1539,2
1594,2
4968,0
1813,0
3361,1
4633,2
3486,1
3578,2
1373,0
4980,1
2198,0
3894,1
1517,2
2998,1
869,2
554,1
275,1
4203,0
2023,0
115,2
2223,0
1378,2
2238,2
1088,1
777,2
3890,2
1208,2
4935,2
263,0
4876,1
2118,2
4850,2
468,2
1345,0
3541,0
4889,0
3630,2
3238,2
3090,1
749,0
1401,1
2562,1
4490,1
3893,2
2628,0
4427,1
1935,1
1114,0
2328,1
2825,2
729,1
1785,1
4914,2
733,2
4788,1
4538,0
1216,1
2485,2
1849,2
2643,2
3171,2
3499,1
3741,1
4175,0
3825,1
118,1
3038,0
3064,2
2145,0
475,2
2591,1
841,2
4891,0
1917,1
1906,2
1277,0
531,2
1646,2
1367,0
787,0
1224,2
2940,0
1427,1
1557,0
1464,2
2865,2
1149,0
217,0
794,0
1047,2
3148,0
3388,1
4868,1
3259,2
700,2
4020,1
4068,0
1418,0
4982,0
2853,2
1703,2
1387,1
3122,2
4763,0
3667,2
2029,0
2752,2
527,1
1003,1
720,1
1403,1
1973,2
362,2
78,1
2920,2
3030,0
4729,0
2450,2
3543,1
3955,1
3289,0
1607,0
2065,2
2521,1
1695,0
4109,2
2712,1
1709,1
635,0
581,2
1091,2
4142,2
2601,0
1936,0
541,2
3165,0
4855,0
2421,2
3683,1
1425,2
3890,1
1708,1
3240,1
1718,1
4046,0
3801,2
4628,1
758,1
3172,0
4227,2
2885,1
4839,0
3143,1
4413,0
822,2
583,1
4178,1
1033,2
85,1
1682,1
4170,0
169,1
1155,2
328,1
4164,1
2999,2
1658,2
383,2
152,1
1992,2
3269,0
3389,2
1226,2
4469,0
3735,1
1091,0
2840,0
4520,2
3050,2
560,1
1633,2
4962,2
4089,2
2303,2
1051,0
428,1
385,1
600,2
955,0
4386,2
2062,0
3243,0
1932,0
3780,0
2192,0
578,2
1848,1
219,0
1396,0
4404,1
2069,1
307,1
2309,2
1767,1
1563,0
225,0
4431,2
4315,1
4226,1
4844,1
1183,0
3824,2
3637,2
3484,1
3802,1
3908,1
3187,2
3935,1
1878,0
1660,0
4673,2
570,1
402,1
6,0
1013,2
1322,1
1166,2
2723,1
194,2
4859,0
301,1
2649,2
4812,2
4480,2
3341,0
2805,1
3327,1
2819,1
2495,1
2190,0
1446,2
1077,0
2494,2
2429,2
3191,2
1610,0
3878,0
442,2
1791,1
4804,2
377,1
2221,0
3140,1
1940,1
1841,0
274,2
3898,2
3225,1
2638,2
4609,0
3141,2
4484,2
3170,2
806,2
1176,1
3811,1
976,0
4800,0
11,1
3584,0
1914,1
1002,0
524,2
1546,1
1102,1
3598,2
1289,2
1476,0
3031,2
2712,0
4962,0
285,0
919,2
3285,0
709,2
4866,1
4372,2
2666,2
355,2
3697,0
815,1
1071,0
3315,1
1646,1
3536,0
4038,0
239,0
1740,2
1598,2
4954,1
2123,1
859,2
1857,0
4481,0
364,0
2176,0
148,1
1315,0
4316,1
1129,0
3445,2
573,0
3195,1
1800,2
4437,1
2018,0
4561,1
4684,1
15,2
4975,1
2039,0
4936,0
4296,0
2375,0
27,0
1158,2
4958,1
4214,2
4436,2
1540,0
1045,2
4330,1
1110,1
1823,0
3929,1
2761,1
4725,2
432,0
2247,1
1656,2
1748,1
4850,0
1058,0
1840,2
2666,1
2277,1
3299,0
3655,1
1991,0
1862,2
4043,2
1815,0
4952,1
359,2
4700,1
4397,2
4440,1
2318,0
463,1
952,1
4276,1
2961,0
2893,2
4817,1
2491,0
4654,1
3755,1
1332,1
297,0
3046,2
1544,1
1818,0
2543,2
1394,2
641,2
2506,2
3770,2
4919,2
1962,1
831,2
1903,1
4285,0
174,0
4580,1
0,2
1304,2
481,0
2774,2
3295,2
2785,0
1009,1
3203,0
4288,2
4380,2
2900,2
3304,0
1317,2
2310,1
2498,1
3910,2
2196,0
4395,0
3787,1
3274,0
1277,2
4015,0
4214,1
3085,2
4612,1
1135,2
4001,2
2401,2
2706,1
788,1
3966,1
4005,0
4923,2
2251,2
4808,1
1167,0
2891,1
4423,1
1725,1
502,0
1398,1
1690,2
3037,2
998,1
2496,1
2063,1
3142,1
3506,0
4398,2
4972,1
4637,0
3285,1
1457,1
3837,0
860,2
913,0
3588,0
3380,0
727,2
1370,2
268,0
1183,1
3885,0
2633,0
3008,1
2038,1
4094,1
535,2
1231,0
3492,0
4915,0
1747,2
3453,2
2189,0
1475,2
1135,0
2479,1
3658,1
2125,2
3777,0
4142,1
385,0
769,2
4539,0
3683,2
1441,0
3899,2
3340,2
1432,2
391,0
1997,2
4809,2
2697,1
1002,1
3378,0
1521,1
450,2
3323,0
300,1
453,1
1452,1
1925,2
2963,1
1651,1
1613,0
1303,1
2648,1
4399,2
3110,2
4212,0
1314,0
4861,1
897,2
2348,2
3177,0
4429,1
1888,2
2123,2
2467,0
4247,2
3087,1
1145,1
3614,0
421,1
2482,2
1544,2
4751,1
1388,1
2446,2
1861,2
3908,0
1245,0
4483,2
643,1
2454,2
3736,2
4412,2
989,1
1067,1
1329,0
2450,0
1672,1
112,1
226,2
3450,1
2974,2
2504,0
923,1
939,1
4362,0
1541,2
1095,1
3971,0
2963,0
3240,0
829,1
4824,1
4879,1
2224,2
1415,1
243,1
4723,2
258,2
1035,2
3091,0
3297,1
349,2
136,2
1783,1
1246,2
1563,2
3359,0
511,1
3243,1
2016,0
4202,2
1405,2
3268,0
3654,1
2667,1
3172,1
3414,0
1972,1
3270,2
185,1
1061,0
486,2
1637,0
2878,0
3958,1
1900,1
220,1
396,0
3883,2
3744,1
1649,0
3895,2
3693,1
931,0
4636,1
1961,0
2625,2
250,2
1078,1
3404,1
89,1
3032,0
441,2
1921,1
351,2
2397,1
1521,0
1632,1
2254,2
4793,0
4122,2
4309,1
1119,2
4042,1
4685,2
1873,1
388,0
2462,1
1110,2
2281,1
4217,1
4445,0
2094,2
1742,1
3857,2
2772,1
3937,2
1527,1
743,0
3371,1
1155,1
468,1
4335,1
2896,0
261,2
3954,0
450,1
855,1
21,2
113,0
2694,2
4032,0
501,1
4297,1
917,0
720,0
2584,1
4655,2
2644,1
2903,2
4719,2
2052,0
1664,0
638,0
3597,1
2784,1
1937,0
2432,0
2558,2
4014,2
1631,2
4761,2
2732,1
1894,0
3877,0
3494,2
299,0
1278,1
3615,1
3006,1
4518,2
2907,0
2629,2
409,1
107,2
1896,2
1948,0
1059,2
2805,2
3072,0
3830,0
1236,2
2624,1
58,0
2945,2
1456,0
4997,0
2868,0
4096,1
906,1
2382,1
2626,0
3969,1
104,2
552,2
3980,0
453,0
4031,0
4600,0
1121,0
4745,0
730,1
2537,1
682,2
2234,1
1210,0
2708,2
2086,2
1343,2
2962,0
3820,1
2421,0
3705,0
4246,2
909,2
357,2
4098,1
361,0
3519,0
1850,0
388,2
4001,0
3,2
2066,0
890,0
712,2
4627,2
2704,1
3146,2
1727,2
4026,2
2249,0
2743,1
77,1
564,1
4739,0
3766,1
1131,1
4648,0
1447,0
4836,1
3282,0
243,0
741,2
1280,2
1859,2
2376,1
1075,1
3757,2
602,1
869,0
2436,1
1406,1
1101,2
2497,2
336,1
412,1
727,1
1628,0
4412,1
